>> Condiciones_Iniciales

z0 =

    -1


y0 =

   -0.0200


x0 =

  -1.7764e-15