>> Ejemplo_6
>> Eventos_Finales = xE(end-1:end , :)

Eventos_Finales =

  -1.000000000000000   1.678373654662149
  -1.000000000000038   1.943071409081938

>> tc = -1.87;
>> Eventos_Finales_Cambio_Aplicado = [Eventos_Finales(:,1)+1 , Eventos_Finales(:,2)+tc]

Eventos_Finales_Cambio_Aplicado =

   0.000000000000000  -0.191626345337851
  -0.000000000000038   0.073071409081938