>> Ejemplo_4
Condiciones que deben cumplirse
de > 0, te > 0(para R > 1), a < 0, tc < 0

de =

   0.989000000000000


te =

   0.010000000000000


as =

  -0.220000000000000


tc =

  -1.890000000000000

Puntos, periodo y amplitud

Y0_punto =

   0.064627542839310


Y1_punto =

  -0.088548753338143


periodo_punto =

   6.388147402021764


amplitud_punto =

   0.153176296177453