>> Ejemplo_6
>> Eventos_Finales = xE(end-1:end , :)

Eventos_Finales =

  -0.999999999999999   1.755882619300063
  -1.000000000000000   1.954464581254850

>> tc = -1.87;
>> Eventos_Finales_Cambio_Aplicado = [Eventos_Finales(:,1)+1 , Eventos_Finales(:,2)+tc]

Eventos_Finales_Cambio_Aplicado =

   0.000000000000001  -0.114117380699937
                   0   0.084464581254850