>> Ejemplo_6
>> Tiempos_Eventos_Finales = tE(end-3:end , :)

Tiempos_Eventos_Finales =

  33.259907834777607
  34.150063127865117
  39.601397212288113
  40.503958556087646

>> Periodo = Tiempos_Eventos_Finales(end) - Tiempos_Eventos_Finales(end-2)

Periodo =

   6.353895428222529