>> Ejemplo_1

y1_L =

      -3.5193


y1_R =

      -2.3065