>> Ejemplo_4
Condiciones que deben cumplirse
de > 0, te > 0(para R > 1), a < 0, tc < 0

de =

<<<<<<< HEAD
    0.9870
=======
        0.987
>>>>>>> 7c2896b3f0ec067e6bd6bc152f1ea4418376f4b2


te =

<<<<<<< HEAD
    0.0300
=======
         0.03
>>>>>>> 7c2896b3f0ec067e6bd6bc152f1ea4418376f4b2


as =

<<<<<<< HEAD
   -0.2600
=======
        -0.26
>>>>>>> 7c2896b3f0ec067e6bd6bc152f1ea4418376f4b2


tc =

<<<<<<< HEAD
   -1.8700

Puntos, periodo y amplitud

Y0_punto =

    0.1107
=======
        -1.87

Puntos y periodo

Y0_punto =

      0.11066
>>>>>>> 7c2896b3f0ec067e6bd6bc152f1ea4418376f4b2


Y1_punto =

<<<<<<< HEAD
   -0.1694
=======
     -0.16938
>>>>>>> 7c2896b3f0ec067e6bd6bc152f1ea4418376f4b2


periodo_punto =

<<<<<<< HEAD
    6.4072


amplitud_punto =

    0.2800
=======
       6.4072
>>>>>>> 7c2896b3f0ec067e6bd6bc152f1ea4418376f4b2
